	Femnum	Treat	Lime	P	W14d	InitW	Delta_W_init14	Cannibal	Early_death	No_reprod	DeltaW_14d_repr_lifespan	DeltaW_repr_period	DeltaW_daily_repr_lifespan	DeltaW_adult_lifespan	DeltaW_daily_adult_lifespan	Adult_lifespan	Reprd_lifespan	Total_repr_suc	Rep30	batch1	batch2	batch3	batch4	batch5	batch6	batch7	batch8	batch9	batch10	batch11
1	1	P-Ca-	NO	NO	1.0032	0.7976	0.2056	NO	NO	NO	-0.0779	-0.3798	-0.006028571	-0.1742	-0.002262338	77	63	177	177	146	22	8	1	0	0	0	0	0	0	0
2	2	P+Ca-	NO	YES	1.3598	0.8214	0.5384	YES	NO	NO	-0.1878	-0.4379	-0.014596667	0.1005	0.002284091	44	30	545	545	274	83	53	84	51	0	0	0	0	0	0
3	3	P-Ca+	YES	NO	1.2823	1.0398	0.2425	NO	NO	NO	-0.2362	-0.5779	-0.011793878	-0.3354	-0.00532381	63	49	154	154	0	110	44	0	0	0	0	0	0	0	0
4	4	P+Ca+	YES	YES	1.4304	0.9241	0.5063	YES	NO	NO	-0.3097	NA	NA	NA	NA	49	35	429	429	277	85	44	23	0	0	0	0	0	0	0
5	5	P-Ca-	NO	NO	1.0976	0.927	0.1706	NO	NO	NO	-0.1184	-0.4974	-0.021626087	-0.3268	-0.008832432	37	23	306	306	251	13	41	1	0	0	0	0	0	0	0
6	6	P+Ca-	NO	YES	1.0245	0.8615	0.163	NO	NO	NO	-0.1116	-0.2887	-0.007041463	-0.1257	-0.002285455	55	41	255	255	198	32	22	3	0	0	0	0	0	0	0
7	7	P-Ca+	YES	NO	1.1406	0.9643	0.1763	NO	NO	NO	-0.2577	NA	NA	NA	NA	44	30	210	210	74	89	43	3	1	0	0	0	0	0	0
8	8	P+Ca+	YES	YES	1.261	1.0385	0.2225	NO	NO	NO	-0.2177	NA	NA	NA	NA	30	16	422	422	281	59	63	19	0	0	0	0	0	0	0
9	9	P-Ca-	NO	NO	0.9649	0.815	0.1499	NO	NO	NO	-0.0822	-0.2908	-0.007092683	-0.1409	-0.002561818	55	41	372	372	191	41	57	52	31	0	0	0	0	0	0
10	10	P+Ca+	YES	YES	1.1792	0.8011	0.3781	NO	YES	NO	NA	NA	NA	NA	NA	27	13	80	80	29	36	15	0	0	0	0	0	0	0	0
11	11	P+Ca-	NO	YES	1.0325	0.8201	0.2124	NO	NO	NO	-0.1896	-0.509	-0.014542857	-0.2966	-0.006053061	49	35	385	385	245	59	38	13	30	0	0	0	0	0	0
12	12	P-Ca+	YES	NO	1.0592	0.7182	0.341	NO	NO	NO	-0.157769231	-0.3759	-0.006961111	-0.0349	-0.000513235	68	54	316	316	11	176	84	22	23	0	0	0	0	0	0
13	13	P+Ca-	NO	YES	1.081	0.8017	0.2793	NO	NO	NO	-0.312523077	-0.4824	-0.01206	-0.2031	-0.003761111	54	40	352	352	247	25	49	22	8	1	0	0	0	0	0
14	14	P-Ca+	YES	NO	1.1673	0.9505	0.2168	NO	NO	NO	-0.125353846	-0.3346	-0.007781395	-0.1178	-0.002066667	57	43	330	326	107	135	37	19	25	7	0	0	0	0	0
15	15	P+Ca+	YES	YES	1.1527	0.8771	0.2756	YES	NO	NO	-0.0454	-0.4201	-0.009547727	-0.1445	-0.002491379	58	44	455	432	353	13	56	13	19	1	0	0	0	0	0
16	16	P+Ca+	YES	YES	1.0542	0.8423	0.2119	YES	NO	NO	0.0113	-0.1735	-0.005421875	0.0384	0.000834783	46	32	245	245	176	53	3	10	3	0	0	0	0	0	0
17	17	P+Ca+	YES	YES	1.1418	0.9178	0.224	YES	NO	NO	-0.0557	-0.4328	-0.010304762	-0.2088	-0.003728571	56	42	384	349	210	76	60	4	34	0	0	0	0	0	0
18	18	P+Ca+	YES	YES	1.1195	0.7511	0.3684	NO	NO	NO	-0.1107	-0.3203	-0.005004688	0.0481	0.000616667	78	64	88	87	76	5	6	0	0	1	0	0	0	0	0
19	19	P+Ca+	YES	YES	1.216	0.9203	0.2957	YES	NO	NO	-0.0587	-0.5203	-0.014865714	-0.2246	-0.004583673	49	35	432	429	350	16	37	29	0	0	0	0	0	0	0
20	20	P+Ca+	YES	YES	1.0295	0.7002	0.3293	NO	NO	NO	-0.1071	-0.2621	-0.007708824	0.0672	0.0014	48	34	307	303	260	14	22	9	2	0	0	0	0	0	0
21	21	P+Ca+	YES	YES	0.9618	0.6979	0.2639	NO	NO	NO	-0.1735	-0.3637	-0.006612727	-0.0998	-0.001446377	69	55	293	276	199	10	7	60	13	4	0	0	0	0	0
22	22	P-Ca+	YES	NO	1.2151	0.9872	0.2279	YES	NO	NO	-0.0705	-0.2931	-0.004509231	-0.0652	-0.000825316	79	65	512	495	375	20	85	15	13	4	0	0	0	0	0
23	23	P-Ca+	YES	NO	0.9565	0.7688	0.1877	YES	NO	NO	-0.0532	-0.3665	-0.006787037	-0.1788	-0.002629412	68	54	289	289	242	38	9	0	0	0	0	0	0	0	0
24	24	P-Ca+	YES	NO	1.3345	0.8548	0.4797	YES	NO	NO	-0.1518	-0.5073	-0.006855405	-0.0276	-0.000313636	88	74	381	330	178	62	39	44	14	4	15	17	5	2	1
25	25	P-Ca+	YES	NO	1.0593	0.7361	0.3232	NO	NO	NO	0.205613333	-0.3491	-0.005818333	-0.0259	-0.00035	74	60	102	20	0	0	20	43	23	16	0	0	0	0	0
26	26	P-Ca+	YES	NO	1.1198	0.7799	0.3399	NO	NO	NO	-0.0908	-0.5442	-0.008777419	-0.2043	-0.002688158	76	62	299	263	232	0	20	16	15	0	16	0	0	0	0
27	27	P-Ca+	YES	NO	1.1438	0.8943	0.2495	YES	NO	YES	-0.2151	-0.4941	-0.007486364	-0.2446	-0.0030575	80	66	0	0	0	0	0	0	0	0	0	0	0	0	0
28	28	P+Ca-	NO	YES	1.1438	0.7586	0.3852	NO	NO	NO	-0.3658	NA	NA	NA	NA	34	20	440	440	361	53	26	0	0	0	0	0	0	0	0
29	29	P+Ca-	NO	YES	1.278	0.7925	0.4855	YES	NO	NO	-0.193293333	-0.5424	-0.00904	-0.0569	-0.000768919	74	60	509	501	197	148	0	156	0	0	0	8	0	0	0
30	30	P+Ca-	NO	YES	1.6834	0.989	0.6944	YES	NO	NO	-0.2262	-0.5254	-0.0142	0.169	0.003313725	51	37	653	618	421	72	73	54	29	4	0	0	0	0	0
31	31	P+Ca-	NO	YES	1.148	0.7147	0.4333	NO	NO	NO	-0.1643	-0.6744	-0.013223529	-0.2411	-0.003709231	65	51	315	315	242	50	16	7	0	0	0	0	0	0	0
32	32	P+Ca-	NO	YES	1.1862	0.8847	0.3015	NO	YES	NO	-0.399381818	-0.3138	-0.028527273	-0.0123	-0.000492	25	11	281	281	242	39	0	0	0	0	0	0	0	0	0
33	33	P+Ca-	NO	YES	1.1718	0.8117	0.3601	NO	YES	NO	NA	NA	NA	NA	NA	27	13	227	227	218	9	0	0	0	0	0	0	0	0	0
34	34	P-Ca-	NO	NO	1.1409	0.9117	0.2292	NO	NO	NO	-0.0872	-0.4469	-0.009715217	-0.2177	-0.003628333	60	46	232	231	231	0	0	0	0	1	0	0	0	0	0
35	35	P-Ca-	NO	NO	1.211	0.7639	0.4471	NO	NO	NO	-0.4096	-0.6521	-0.019179412	-0.205	-0.004270833	48	34	268	267	221	29	5	13	0	0	0	0	0	0	0
36	36	P-Ca-	NO	NO	1.0433	0.8116	0.2317	NO	NO	NO	0.0047	-0.4229	-0.007979245	-0.1912	-0.002853731	67	53	268	268	241	27	0	0	0	0	0	0	0	0	0
37	37	P-Ca-	NO	NO	1.1762	0.7089	0.4673	NO	NO	NO	-0.1309	-0.5815	-0.009379032	-0.1142	-0.001502632	76	62	370	357	285	29	37	6	2	10	0	1	0	0	0
38	38	P-Ca-	NO	NO	0.8536	0.583	0.2706	NO	NO	NO	-0.142046154	-0.4066	-0.006891525	-0.136	-0.001863014	73	59	537	394	186	109	22	47	70	71	26	6	0	0	0
39	39	P-Ca-	NO	NO	1.3535	0.8912	0.4623	NO	NO	NO	-0.0072	NA	NA	NA	NA	41	27	495	495	315	57	81	42	0	0	0	0	0	0	0
40	40	P-Ca-	NO	NO	1.0851	0.6828	0.4023	YES	NO	NO	-0.2064	-0.4196	-0.010758974	-0.0173	-0.000326415	53	39	492	491	240	164	86	2	0	0	0	0	0	0	0
41	41	P-Ca-	NO	NO	1.4097	0.9009	0.5088	NO	NO	NO	-0.3221	-0.534	-0.0178	-0.0252	-0.000572727	44	30	390	387	271	42	41	36	0	0	0	0	0	0	0
42	42	P+Ca-	NO	YES	1.3508	0.8593	0.4915	NO	NO	NO	-0.1937	-0.5674	-0.013839024	-0.0759	-0.00138	55	41	672	644	494	53	71	30	8	16	0	0	0	0	0
43	43	P-Ca+	YES	NO	1.0394	0.5966	0.4428	NO	NO	NO	-0.055	-0.1714	-0.004180488	0.2714	0.004934545	55	41	217	217	216	1	0	0	0	0	0	0	0	0	0
44	44	P+Ca+	YES	YES	1.2485	0.8655	0.383	NO	NO	NO	-0.0279	-0.3257	-0.006646939	0.0573	0.000909524	63	49	48	48	45	3	0	0	0	0	0	0	0	0	0
45	45	P-Ca-	NO	NO	1.2544	0.7287	0.5257	NO	NO	NO	-0.2374	-0.6858	-0.015948837	-0.1601	-0.002808772	57	43	469	451	255	43	108	47	13	3	0	0	0	0	0
46	46	P+Ca-	NO	YES	1.1136	0.7076	0.406	NO	NO	NO	-0.1156	-0.3745	-0.006347458	0.0315	0.000431507	73	59	337	328	293	13	14	8	5	4	0	0	0	0	0
47	47	P-Ca+	YES	NO	1.2731	0.9107	0.3624	NO	NO	NO	-0.1901	-0.3943	-0.007169091	-0.0319	-0.000462319	69	55	448	438	349	29	32	35	0	2	1	0	0	0	0
48	48	P+Ca+	YES	YES	1.258	0.9408	0.3172	NO	NO	NO	-0.1053	-0.4994	-0.014688235	-0.1822	-0.003795833	48	34	370	359	313	9	23	15	10	0	0	0	0	0	0
49	49	P-Ca-	NO	NO	1.203	0.9366	0.2664	NO	NO	NO	0.0325	-0.2574	-0.0053625	0.009	0.000145161	62	48	127	127	127	0	0	0	0	0	0	0	0	0	0
50	50	P-Ca-	NO	NO	1.2049	0.7304	0.4745	NO	NO	NO	-0.248	-0.4705	-0.009602041	0.004	6.35E-05	63	49	370	339	280	8	50	1	29	2	0	0	0	0	0
51	51	P+Ca+	YES	YES	1.3518	0.7482	0.6036	YES	NO	NO	-0.3651	-0.706	-0.014708333	-0.1024	-0.001651613	62	48	380	377	260	47	21	49	3	0	0	0	0	0	0
52	52	P+Ca-	NO	YES	1.0535	0.699	0.3545	NO	NO	NO	-0.1847	-0.3904	-0.006616949	-0.0359	-0.000491781	73	59	370	344	272	46	11	31	0	5	5	0	0	0	0
53	53	P+Ca+	YES	YES	1.0965	0.7933	0.3032	YES	NO	NO	-0.0548	-0.4457	-0.013928125	-0.1425	-0.003097826	46	32	115	115	98	8	5	4	0	0	0	0	0	0	0
54	54	P-Ca+	YES	NO	1.1764	0.85	0.3264	YES	NO	NO	-0.2006	-0.4579	-0.014309375	-0.1315	-0.002858696	46	32	256	249	191	27	0	31	7	0	0	0	0	0	0
55	55	P-Ca+	YES	NO	1.0092	0.7472	0.262	YES	NO	NO	-0.1122	-0.3292	-0.004913433	-0.0672	-0.00082963	81	67	421	380	198	97	71	14	20	21	0	0	0	0	0
56	56	P+Ca-	NO	YES	1.2807	0.8292	0.4515	NO	NO	NO	-0.2496	-0.3971	-0.010182051	0.0544	0.001026415	53	39	320	318	259	43	3	15	0	0	0	0	0	0	0
